100
967
101
102
966
103
965
966
967
969
968
969
439
102
970
103
975
104
976
975
968
967
442
968
967
103
966
443
104
967
444
105
106
105
106
107
966
108
109
965
110
111
966
967
445
112
111
968
233
969
964
220
147
965
966
148
149
111
958
957
956
957
112
113
114
115
116
117
118
958
119
120
121
122
123
500
959
124
125
126
124
125
501
250
251
960
962
220
963
209
210
966
211
967
212
966
965
964
211
212
502
963
213
214
215
963
216
163
962
147
961
145
960
146
503
961
999
147
148
998
997
998
149
999
150
999
995
989
151
983
146
504
147
982
981
148
980
149
143
144
505
979
140
141
142
972
143
144
145
146
135
136
971
137
138
972
518
971
966
139
140
141
142
967
143
140
141
966
967
966
968
136
517
131
967
966
132
133
134
924
923
135
923
126
918
518
380
917
381
382
383
914
384
372
373
915
374
375
373
374
916
375
212
213
915
214
215
916
917
216
139
918
140
980
118
983
119
120
121
982
983
120
982
981
121
980
981
110
111
982
112
982
982
981
110
980
111
112
984
113
114
983
992
107
108
991
109
519
110
992
107
989
990
108
109
110
989
111
110
988
987
116
986
113
114
987
986
109
110
979
107
980
108
109
110
111
977
976
112
102
975
984
985
103
350
351
538
986
985
987
352
988
353
354
355
356
327
328
989
329
989
130
129
990
991
130
131
992
132
133
993
539
134
998
997
133
998
994
134
995
135
994
995
994
137
138
995
139
140
381
996
382
995
538
383
384
994
385
995
386
999
998
387
383
999
990
378
999
537
379
554
380
553
994
995
994
995
996
381
382
997
267
268
265
252
996
253
997
996
254
897
255
256
257
258
259
898
260
261
899
249
802
803
250
554
243
802
801
799
893
238
239
894
240
895
896
897
898
897
241
898
242
243
244
553
181
182
899
900
164
190
906
907
906
910
191
192
911
193
194
909
195
196
287
910
288
831
289
270
241
242
243
244
245
246
247
832
248
249
549
831
828
125
829
126
127
128
836
129
130
839
830
131
831
830
132
133
829
830
134
135
839
840
130
131
841
550
132
835
351
352
319
207
834
117
118
834
833
119
834
833
104
551
101
102
103
834
833
104
105
320
834
321
835
322
834
323
833
324
832
833
325
832
326
327
831
328
329
330
331
832
847
848
326
307
552
304
305
306
849
307
304
305
306
848
558
307
308
849
850
851
850
309
851
852
576
851
142
143
850
849
142
139
850
851
140
852
851
852
853
854
853
141
852
142
854
575
143
136
846
137
845
844
138
845
576
844
139
845
140
844
136
845
137
575
134
576
844
135
136
137
835
273
833
271
272
273
834
274
835
275
276
836
277
837
278
838
840
279
280
839
281
282
283
284
285
840
276
841
277
842
278
841
279
280
844
853
852
275
853
862
276
277
888
887
891
278
577
890
970
969
977
279
280
281
576
282
283
257
577
976
975
255
256
974
973
257
972
258
971
259
260
972
257
973
258
972
255
973
256
972
339
973
340
972
971
970
969
970
576
971
972
319
320
973
321
972
322
971
323
324
577
325
970
326
969
576
968
969
970
971
577
999
314
995
989
315
576
990
316
577
991
317
992
993
999
998
318
997
996
990
319
991
320
990
997
321
998
322
999
998
323
324
999
997
325
326
996
995
364
357
996
997
996
176
576
999
177
994
178
999
175
176
998
999
575
999
177
998
997
996
574
995
178
156
157
154
155
990
156
157
158
121
990
989
990
122
123
124
991
992
993
992
123
573
124
991
125
992
126
127
128
129
130
991
984
983
127
128
986
985
986
572
985
984
129
130
985
131
132
986
987
986
985
126
984
993
127
996
999
998
997
998
989
988
128
129
989
988
130
131
132
133
134
989
135
130
126
127
128
988
129
114
987
115
988
110
111
989
112
113
296
297
298
988
299
989
988
987
300
988
989
988
301
987
988
302
987
986
303
293
154
987
986
987
155
986
985
982
156
157
999
998
999
158
159
160
161
992
162
993
163
992
988
164
571
989
157
154
151
990
991
152
153
990
130
989
131
989
988
132
987
133
134
135
988
136
137
138
139
987
986
140
979
971
135
136
970
137
971
970
969
970
138
971
139
140
141
970
142
971
973
134
972
973
246
247
229
230
965
966
231
974
973
232
974
975
976
233
975
976
572
977
234
968
969
216
968
969
108
109
968
967
966
110
111
112
113
580
109
110
965
111
964
105
106
107
108
963
999
106
101
997
100
101
996
102
995
103
996
999
102
998
101
997
998
999
998
995
102
103
